1 -12 0 410 3170 32
100 -12 3200 410 608 32
120 -12 3840 410 1824 32
177 -12 2780 220 550 32
178 -12 1380 285 100 32  
179 -12 1500 220 350 32 
180 -12 1850 285 200 32 
181 -12 3300 285 150 32 
182 -12 3770 285 100 32 
183 -12 3900 220 440 32 
184 -12 4300 285 440 32 
185 -12 5430 346 100 32 
186 -12 5550 285 120 32 
187 -12 2900 625 1200 32 
187 -12 3700 250 100 32 
90 -7 1200 400 1 0
91 7 1380 150 -1 1
92 7 1782 156 1 0
93 -7 1863 250 -1 1
94 7 3158 360 1 0
95 -7  3900 586 -1 1
96 -7  2566 360 1 0
97 7  3424 300 1 0
107 -7  3515 360 -1 1
98 7  3807 360 1 0
99 7  3870 300 1 0
100 -7  3976 360 -1 1
101 7  4304 200 1 0
102 -7  4404 280 -1 1
103 7  4695 250 1 0
104 -7  4816 360 -1 1
105 -7  5425 300 1 0
106 7  5544 300 -1 1
108 7  2777 100 -1 1
200 11 196 350 64 32
201 11 450 350 64 32
202 11 700 350 64 32
203 11 980 350 64 32
204 11 320 258 64 32
205 11 550 258 64 32
206 11 750 258 64 32
207 11 900 258 64 32
208 500 450 300 64 32
209 500 500 300 64 32
210 501 1350 221 64 32